00100000
11100010
00011000
00100000
00000000
01000011
00000000
00011010
00000000
00000000
01011000
00010000
00000000
00000000
01100000
00010010
00000000
00001011
01101000
10000000
00000000
00001100
01110000
10000010
00001100
00000000
00000000
00001001
00000000
01100010
00111000
00100000
00000000
00101010
00011000
00100000
00000000
00100010
00011000
00100010
00110001
00000101
00001111
01010101
00000100
01100001
11111111
11111100
10100000
00100111
00000000
00000010
10000100
00000100
00000000
00000110
00010001
00000111
11111111
11111010
00010001
00000101
11111111
11111010